398123,398144,398145,397147,398173,398174,397413,397925,397949,398211,398213,397967,397968,398238,398261,398274,398275,397891,398215,397840,396878,398224,398066,398068,397547,398111,398198,398199,398234,396712,398241,398079,397063,397270,396714,396675,397569,397588,398101,397947,397948,397606,396741,354,398004,396742,396609,397441,398222,396820,396643,398113,398005,398110,397882,397916,396659,397460,397207,397483,396736,397765,397766,397268,397813,397817,398016,398130,397902,396880,397395,396940,396576,397396,397919,398037,396620,396471,397615,397995,397517,397267,396770,397918,397789,397950,397983,397983

397983,
396804,
397611,
397529,
397961,
396684,
397406,
396603,
397053,
397276,
398092,
396467,
396961,
396869,
397467,
396713,
398084,
397603,
398125,
398148,
397645,
397951,
396419,
397979,
397491,
398003,
397759,
398278,
396999,
396799,
396409,
397878,
396771,
396917,
397843,
397429,
396525,
396868,
396811,
396512,
397387,
396630,
397674,
397532,
397548,
396897,
397498,
397797,
397034,
396772,
396740,
396634,
398115,
397604,
397696,
397211,
397220,
398018,
396749,
398075